3.13
3.13
3.13
3.13
3.13
3.13
3.13
3.13
3.13
3.13
3.13
3.13
3.13
3.13
3.13
3.13
3.13
3.13
3.13
3.13
3.13
3.13
3.13
3.13
3.13
3.13
3.13
3.13
3.13
3.13
3.13
3.13
3.13
3.13
3.13
3.13
3.13
3.13
3.13
3.13
3.13
3.13
3.13
3.13
3.13
3.13
3.13
3.13
3.13
3.13
3.13
3.13
3.13
3.13
3.13
3.13
3.13
3.13
3.13
3.13
3.13
3.13
3.13
3.13
3.13
3.13
3.13
3.13
3.13
3.13
3.13
3.13
3.13
3.13
3.13
3.13
3.13
3.13
3.13
3.13
3.13
3.13
3.13
3.13
3.13
3.13
3.13
3.13
3.13
3.13
3.13
3.13
3.13
3.13
3.13
3.13
3.13
3.13
3.14
3.14
3.14
3.15
3.15
3.15
3.15
3.15
3.15
3.16
3.16
3.15
3.15
3.15
3.15
3.15
3.14
3.14
3.13
3.13
3.12
3.12
3.11
3.11
3.11
3.10
3.10
3.10
3.10
3.10
3.10
3.10
3.10
3.10
3.11
3.11
3.12
3.12
3.13
3.14
3.14
3.15
3.16
3.16
3.17
3.17
3.18
3.18
3.18
3.18
3.18
3.18
3.18
3.17
3.17
3.16
3.15
3.14
3.13
3.13
3.12
3.11
3.10
3.09
3.08
3.07
3.07
3.06
3.06
3.06
3.06
3.07
3.07
3.08
3.08
3.10
3.11
3.12
3.13
3.14
3.16
3.17
3.18
3.19
3.20
3.21
3.21
3.22
3.22
3.22
3.22
3.22
3.21
3.20
3.19
3.18
3.16
3.15
3.13
3.12
3.10
3.09
3.07
3.06
3.05
3.04
3.03
3.03
3.02
3.02
3.02
3.03
3.04
3.05
3.06
3.07
3.09
3.11
3.13
3.15
3.16
3.18
3.20
3.21
3.23
3.24
3.25
3.26
3.26
3.26
3.26
3.26
3.25
3.24
3.22
3.20
3.18
3.16
3.14
3.12
3.10
3.07
3.05
3.04
3.02
3.01
2.99
2.99
2.98
2.98
2.99
2.99
3.00
3.01
3.03
3.05
3.07
3.10
3.12
3.15
3.17
3.19
3.22
3.24
3.26
3.27
3.29
3.30
3.30
3.30
3.30
3.29
3.28
3.27
3.25
3.23
3.20
3.18
3.15
3.12
3.09
3.06
3.04
3.01
2.99
2.97
2.96
2.95
2.94
2.94
2.94
2.95
2.96
2.98
3.00
3.02
3.05
3.08
3.11
3.14
3.17
3.20
3.23
3.26
3.28
3.31
3.32
3.33
3.34
3.34
3.34
3.33
3.32
3.31
3.29
3.26
3.23
3.20
3.16
3.13
3.09
3.06
3.02
2.99
2.97
2.94
2.92
2.91
2.90
2.90
2.90
2.91
2.92
2.94
2.96
2.99
3.02
3.05
3.09
3.13
3.17
3.21
3.24
3.28
3.31
3.33
3.36
3.37
3.38
3.39
3.39
3.38
3.37
3.35
3.33
3.30
3.26
3.23
3.18
3.14
3.10
3.06
3.02
2.98
2.95
2.92
2.89
2.87
2.86
2.85
2.86
2.86
2.88
2.89
2.92
2.95
2.98
3.02
3.07
3.11
3.16
3.20
3.24
3.29
3.32
3.36
3.38
3.41
3.42
3.43
3.43
3.43
3.41
3.40
3.37
3.34
3.30
3.26
3.22
3.17
3.12
3.07
3.02
2.98
2.94
2.90
2.87
2.84
2.82
2.81
2.81
2.81
2.83
2.85
2.87
2.90
2.94
2.98
3.03
3.08
3.13
3.18
3.24
3.29
3.33
3.37
3.41
3.44
3.46
3.47
3.48
3.47
3.46
3.45
3.42
3.39
3.35
3.31
3.26
3.20
3.15
3.09
3.04
2.98
2.94
2.89
2.85
2.82
2.79
2.77
2.77
2.77
2.77
2.79
2.82
2.85
2.89
2.93
2.98
3.04
3.10
3.16
3.21
3.27
3.33
3.38
3.42
3.46
3.49
3.51
3.52
3.52
3.52
3.50
3.48
3.44
3.40
3.36
3.31
3.25
3.19
3.13
3.07
3.01
2.95
2.89
2.84
2.80
2.77
2.74
2.73
2.72
2.72
2.74
2.76
2.79
2.83
2.87
2.93
2.99
3.05
3.11
3.18
3.24
3.31
3.37
3.42
3.47
3.50
3.54
3.56
3.57
3.57
3.56
3.54
3.51
3.47
3.42
3.37
3.31
3.25
3.18
3.11
3.04
2.98
2.91
2.85
2.80
2.76
2.72
2.69
2.68
2.67
2.68
2.70
2.72
2.76
2.80
2.86
2.92
2.98
3.05
3.12
3.20
3.27
3.34
3.40
3.46
3.51
3.55
3.58
3.60
3.61
3.61
3.60
3.58
3.54
3.50
3.45
3.39
3.32
3.25
3.18
3.10
3.03
2.95
2.88
2.82
2.76
2.71
2.67
2.65
2.63
2.63
2.64
2.65
2.69
2.72
2.77
2.83
2.90
2.97
3.05
3.13
3.21
3.29
3.36
3.43
3.49
3.55
3.59
3.63
3.65
3.66
3.66
3.65
3.62
3.58
3.54
3.48
3.42
3.34
3.26
3.18
3.10
3.02
2.94
2.86
2.79
2.73
2.67
2.63
2.60
2.58
2.58
2.59
2.61
2.64
2.68
2.74
2.80
2.87
2.95
3.03
3.12
3.21
3.29
3.37
3.45
3.52
3.58
3.63
3.67
3.70
3.71
3.71
3.70
3.67
3.63
3.58
3.52
3.45
3.37
3.29
3.20
3.11
3.01
2.92
2.84
2.76
2.69
2.63
2.58
2.54
2.52
2.51
2.52
2.54
2.57
2.62
2.68
2.75
2.83
2.92
3.02
3.11
3.21
3.31
3.41
3.50
3.58
3.65
3.71
3.76
3.79
3.81
3.81
3.80
3.77
3.73
3.67
3.60
3.51
3.42
3.32
3.21
3.10
2.99
2.88
2.77
2.68
2.59
2.52
2.46
2.42
2.39
2.38
2.39
2.41
2.45
2.51
2.58
2.66
2.76
2.87
2.98
3.10
3.23
3.35
3.47
3.58
3.68
3.77
3.84
3.90
3.94
3.96
3.97
3.95
3.92
3.87
3.80
3.72
3.62
3.51
3.38
3.25
3.11
2.97
2.84
2.71
2.59
2.48
2.39
2.32
2.26
2.22
2.20
2.21
2.23
2.27
2.33
2.41
2.51
2.62
2.75
2.89
3.04
3.19
3.34
3.49
3.62
3.76
3.87
3.97
4.05
4.11
4.15
4.17
4.16
4.14
4.09
4.03
3.94
3.83
3.70
3.56
3.40
3.24
3.07
2.90
2.74
2.58
2.44
2.32
2.21
2.12
2.05
2.01
1.98
1.98
2.01
2.06
2.12
2.22
2.33
2.45
2.60
2.76
2.94
3.12
3.30
3.48
3.65
3.81
3.96
4.08
4.19
4.28
4.34
4.38
4.39
4.38
4.35
4.29
4.21
4.11
3.98
3.84
3.67
3.49
3.29
3.10
2.90
2.70
2.52
2.34
2.19
2.06
1.94
1.85
1.79
1.75
1.74
1.75
1.78
1.84
1.93
2.04
2.17
2.32
2.50
2.69
2.90
3.11
3.32
3.54
3.74
3.93
4.10
4.26
4.39
4.49
4.58
4.63
4.67
4.67
4.66
4.61
4.54
4.45
4.33
4.19
4.02
3.83
3.62
3.40
3.17
2.94
2.71
2.49
2.28
2.09
1.93
1.78
1.66
1.57
1.50
1.45
1.44
1.44
1.48
1.53
1.62
1.73
1.86
2.02
2.21
2.41
2.64
2.88
3.13
3.38
3.62
3.86
4.08
4.28
4.46
4.61
4.74
4.85
4.93
4.98
5.01
5.02
5.00
4.96
4.89
4.79
4.68
4.53
4.36
4.16
3.94
3.70
3.44
3.18
2.91
2.64
2.38
2.14
1.92
1.72
1.55
1.40
1.28
1.18
1.10
1.05
1.02
1.01
1.02
1.05
1.11
1.19
1.29
1.42
1.58
1.76
1.97
2.20
2.46
2.73
3.02
3.31
3.60
3.88
4.14
4.39
4.61
4.81
4.98
5.13
5.26
5.36
5.45
5.51
5.56
5.60
5.61
5.62
5.60
5.58
5.53
5.47
5.39
5.29
5.17
5.02
4.86
4.66
4.44
4.20
3.94
3.66
3.36
3.06
2.76
2.47
2.19
1.92
1.68
1.47
1.27
1.10
0.95
0.81
0.70
0.60
0.52
0.44
0.38
0.33
0.28
0.24
0.21
0.18
0.16
0.14
0.12
0.11
0.10
0.09
0.08
0.08
0.08
0.08
0.08
0.08
0.08
0.08